EgsDeviceControlCore.dll: 0.9.10109.0
EgsHostAppCore.dll: 0.9.10109.0
ZkooHostApp.exe: 0.9.10109.0
Firmware: 1.1.8722.0